3.64001
1.79563
2.67788
0.99720
1.80851
1.22201
2.22964
0.71110
2.17089
3.46151
3.79882
3.42256
5.45264
2.15149
8.85966
4.03421
4.12251
0.45855
8.69050
6.13537
1.79563
7.94149
6.25323
8.51209
6.30769
8.99997
3.93602
3.16088
5.70187
6.42424
7.13703
2.20307
7.21561
3.32744
4.40693
7.44284
8.11874
3.94177
0.50927
1.53354
2.67788
6.25323
5.04259
8.73964
1.49556
8.73046
6.67690
5.62747
3.49800
7.58469
8.16553
3.15357
0.10132
1.24219
6.10032
3.29765
3.36384
4.06391
1.02027
7.40402
0.99720
8.51209
8.73964
1.78655
4.47300
1.32640
2.11517
7.02754
5.82203
4.00228
5.70796
4.90653
0.68557
6.31406
6.05681
3.62084
3.26522
1.83240
0.58892
0.75500
1.80851
6.30769
1.49556
4.47300
6.99982
6.81755
8.95523
1.04058
3.81546
7.08225
2.67259
7.23624
5.76848
6.39397
1.96064
1.40221
1.75091
0.22858
5.03240
3.54466
1.22201
8.99997
8.73046
1.32640
6.81755
3.02977
3.39807
2.94792
4.43055
3.01986
6.60046
4.57100
3.31282
5.22176
8.68916
5.79600
0.46173
8.30853
7.55588
8.81981
2.22964
3.93602
6.67690
2.11517
8.95523
3.39807
6.10398
4.74135
3.36393
0.26108
8.46106
0.58577
4.43281
0.38039
4.94753
6.08024
3.86000
2.84799
4.21825
5.55968
0.71110
3.16088
5.62747
7.02754
1.04058
2.94792
4.74135
3.31865
4.07054
7.25954
8.66101
5.06692
6.69370
2.27102
5.78868
3.11405
8.62386
2.32185
5.04675
8.86183
2.17089
5.70187
3.49800
5.82203
3.81546
4.43055
3.36393
4.07054
7.22813
6.99149
2.72081
3.43346
4.62366
8.90256
4.35105
3.38258
6.24423
6.17558
5.88925
0.48425
3.46151
6.42424
7.58469
4.00228
7.08225
3.01986
0.26108
7.25954
6.99149
2.49397
2.50622
1.94617
4.79059
3.70328
4.17578
3.24870
6.85193
3.29925
0.41204
3.64612
3.79882
7.13703
8.16553
5.70796
2.67259
6.60046
8.46106
8.66101
2.72081
2.50622
0.23710
2.49950
0.64827
4.53241
0.59219
7.56812
4.21183
3.83146
3.71331
6.55342
3.42256
2.20307
3.15357
4.90653
7.23624
4.57100
0.58577
5.06692
3.43346
1.94617
2.49950
4.48646
6.91378
1.27738
5.45942
3.43255
6.69465
1.77657
2.43477
3.33722
5.45264
7.21561
0.10132
0.68557
5.76848
3.31282
4.43281
6.69370
4.62366
4.79059
0.64827
6.91378
0.87817
3.26186
8.80931
1.20171
4.77976
1.23109
7.12010
4.94967
2.15149
3.32744
1.24219
6.31406
6.39397
5.22176
0.38039
2.27102
8.90256
3.70328
4.53241
1.27738
3.26186
6.72399
0.22994
1.96083
1.73920
6.73535
2.39755
4.43909
8.85966
4.40693
6.10032
6.05681
1.96064
8.68916
4.94753
5.78868
4.35105
4.17578
0.59219
5.45942
8.80931
0.22994
1.65113
6.27252
6.51599
8.74535
4.73598
1.00944
4.03421
7.44284
3.29765
3.62084
1.40221
5.79600
6.08024
3.11405
3.38258
3.24870
7.56812
3.43255
1.20171
1.96083
6.27252
4.70311
4.90325
4.71261
6.92968
0.52697
4.12251
8.11874
3.36384
3.26522
1.75091
0.46173
3.86000
8.62386
6.24423
6.85193
4.21183
6.69465
4.77976
1.73920
6.51599
4.90325
7.35871
5.81653
5.14905
5.52578
0.45855
3.94177
4.06391
1.83240
0.22858
8.30853
2.84799
2.32185
6.17558
3.29925
3.83146
1.77657
1.23109
6.73535
8.74535
4.71261
5.81653
3.30155
5.88564
6.37727
8.69050
0.50927
1.02027
0.58892
5.03240
7.55588
4.21825
5.04675
5.88925
0.41204
3.71331
2.43477
7.12010
2.39755
4.73598
6.92968
5.14905
5.88564
5.21060
0.60178
6.13537
1.53354
7.40402
0.75500
3.54466
8.81981
5.55968
8.86183
0.48425
3.64612
6.55342
3.33722
4.94967
4.43909
1.00944
0.52697
5.52578
6.37727
0.60178
7.32891